// EVENT 0106
Name "ヴァニラのお店"

If(1,1005,0,4,2)
 Shop(0,441,0,0,false)
 605(0,445,0,0)
 605(0,446,0,0)
 605(0,447,0,0)
 605(0,448,0,0)
 605(0,449,0,0)
 EndEventProcessing()
 0()
EndIf()
If(1,1005,0,5,0)
 Shop(0,441,0,0,false)
 605(0,445,0,0)
 605(0,446,0,0)
 605(0,447,0,0)
 605(0,448,0,0)
 605(0,449,0,0)
 ShowMessageFace("vgirl_fc1",0,0,2,1)
 ShowMessage("【ヴァニラ】")
 ShowMessage("もっともっと、売り物を増やしていくつもりだぞ。")
 ShowMessage("薬草くらい扱えないと、話にならんからな……")
 ShowMessageFace("vgirl_fc1",0,0,2,2)
 ShowMessage("【ヴァニラ】")
 ShowMessage("でも、ちまちま薬草を摘んでも供給が追い付かん。")
 ShowMessage("貴様のツテで、商人を紹介してもらえんか？")
 ShowMessageFace("",0,0,2,3)
 ShowMessage("イリアスヴィル道具屋にいる商人に会わせてみようか。")
 ShowMessage("色々と力になってくれそうだ……")
 ChangeSwitch(2065,2065,0)
 EndEventProcessing()
 0()
EndIf()
If(1,1005,0,6,0)
 Shop(0,1,0,0,false)
 605(0,441,0,0)
 605(0,445,0,0)
 605(0,446,0,0)
 605(0,447,0,0)
 605(0,448,0,0)
 605(0,449,0,0)
 355("gain_medal(1501)")
 ShowMessageFace("vgirl_fc1",0,0,2,4)
 ShowMessage("【ヴァニラ】")
 ShowMessage("次は、治療薬御三家を扱いたいのだ。")
 ShowMessage("毒消し草、満月草、目薬の三点は売り物の基本……")
 ShowMessageFace("vgirl_fc1",0,0,2,5)
 ShowMessage("【ヴァニラ】")
 ShowMessage("イリアスヴィルの商人さんに相談してみるか。")
 ShowMessage("あまり、あの人にばかり世話になるのも悪いが……")
 ChangeSwitch(2065,2065,0)
 EndEventProcessing()
 0()
EndIf()
If(1,1005,0,7,0)
 Shop(0,1,0,0,false)
 605(0,13,0,0)
 605(0,14,0,0)
 605(0,17,0,0)
 605(0,441,0,0)
 605(0,445,0,0)
 605(0,446,0,0)
 605(0,447,0,0)
 605(0,448,0,0)
 605(0,449,0,0)
 ShowMessageFace("vgirl_fc1",0,0,2,6)
 ShowMessage("【ヴァニラ】")
 ShowMessage("立派な店には、フェニックスの尾が置いてあるものなのだ。")
 ShowMessage("しかしフェニックスの尾の流通は制限されている……")
 ShowMessageFace("vgirl_fc1",0,0,2,7)
 ShowMessage("【ヴァニラ】")
 ShowMessage("ここは、フェニックス娘との直接交渉しかないな！")
 ShowMessage("さて、どこかにいないものか……")
 ChangeSwitch(2065,2065,0)
 EndEventProcessing()
 0()
EndIf()
If(1,1005,0,8,0)
 Shop(0,1,0,0,false)
 605(0,11,0,0)
 605(0,13,0,0)
 605(0,14,0,0)
 605(0,17,0,0)
 605(0,441,0,0)
 605(0,445,0,0)
 605(0,446,0,0)
 605(0,447,0,0)
 605(0,448,0,0)
 605(0,449,0,0)
 If(1,1011,0,3,2)
  ShowMessageFace("vgirl_fc1",0,0,2,8)
  ShowMessage("【ヴァニラ】")
  ShowMessage("次は、ハーピーの羽を仕入れたいのだ。")
  ShowMessage("これは、ハーピーに商談を持ち込むのが一番なのだが……")
  ShowMessageFace("vgirl_fc1",2,0,2,9)
  ShowMessage("【ヴァニラ】")
  ShowMessage("ハーピーの集落は、無人になっているという。")
  ShowMessage("これでは商談どころではないぞ……")
  0()
 Else()
  ShowMessageFace("vgirl_fc1",0,0,2,10)
  ShowMessage("【ヴァニラ】")
  ShowMessage("次は、ハーピーの羽を仕入れたいのだ。")
  ShowMessage("これは、ハーピーに商談を持ち込むのが一番だぞ！")
  ChangeSwitch(2065,2065,0)
  0()
 EndIf()
 EndEventProcessing()
 0()
EndIf()
If(1,1005,0,9,0)
 Shop(0,1,0,0,false)
 605(0,11,0,0)
 605(0,13,0,0)
 605(0,14,0,0)
 605(0,17,0,0)
 605(0,23,0,0)
 605(0,35,0,0)
 605(0,441,0,0)
 605(0,445,0,0)
 605(0,446,0,0)
 605(0,447,0,0)
 605(0,448,0,0)
 605(0,449,0,0)
 ShowMessageFace("vgirl_fc1",0,0,2,11)
 ShowMessage("【ヴァニラ】")
 ShowMessage("次は炎石と氷石、雷石を仕入れたいぞ。")
 ShowMessage("これらの魔法石は、ロストルムで採掘できたのだが……")
 If(1,1014,0,1,2)
  ShowMessageFace("vgirl_fc1",2,0,2,12)
  ShowMessage("【ヴァニラ】")
  ShowMessage("ロストルム村は、今は壊滅してしまっている。")
  ShowMessage("これではどうにもならないぞ……")
  0()
 Else()
  ShowMessageFace("vgirl_fc1",0,0,2,13)
  ShowMessage("【ヴァニラ】")
  ShowMessage("ロストルム村は、今は壊滅してしまっている。")
  ShowMessage("しかし、異世界のロストルム村なら……")
  ChangeSwitch(2065,2065,0)
  0()
 EndIf()
 EndEventProcessing()
 0()
EndIf()
If(1,1005,0,10,0)
 Shop(0,1,0,0,false)
 605(0,11,0,0)
 605(0,13,0,0)
 605(0,14,0,0)
 605(0,17,0,0)
 605(0,23,0,0)
 605(0,35,0,0)
 605(0,51,0,0)
 605(0,55,0,0)
 605(0,59,0,0)
 605(0,441,0,0)
 605(0,445,0,0)
 605(0,446,0,0)
 605(0,447,0,0)
 605(0,448,0,0)
 605(0,449,0,0)
 ShowMessageFace("vgirl_fc1",0,0,2,14)
 ShowMessage("【ヴァニラ】")
 ShowMessage("次は山彦草と気付け薬を仕入れたいぞ。")
 ShowMessage("これは、非常に腕の良い薬師しか扱えん薬品なのだが……")
 If(1,1020,0,2,2)
  ShowMessageFace("ruka_fc1",0,0,2,15)
  ShowMessage("【ルカ】")
  ShowMessage("腕の良い薬師か……心当たりはないなぁ。")
  0()
 Else()
  ShowMessageFace("ruka_fc1",0,0,2,16)
  ShowMessage("【ルカ】")
  ShowMessage("腕の良い薬師か……")
  ShowMessage("エンリカにいたダークエルフの薬師はどうだろう？")
  ChangeSwitch(2065,2065,0)
  0()
 EndIf()
 EndEventProcessing()
 0()
EndIf()
If(1,1005,0,11,0)
 Shop(0,1,0,0,false)
 605(0,11,0,0)
 605(0,13,0,0)
 605(0,14,0,0)
 605(0,15,0,0)
 605(0,16,0,0)
 605(0,17,0,0)
 605(0,23,0,0)
 605(0,35,0,0)
 605(0,51,0,0)
 605(0,55,0,0)
 605(0,59,0,0)
 605(0,441,0,0)
 605(0,445,0,0)
 605(0,446,0,0)
 605(0,447,0,0)
 605(0,448,0,0)
 605(0,449,0,0)
 If(1,1001,0,12,2)
  ShowMessageFace("vgirl_fc1",0,0,2,17)
  ShowMessage("【ヴァニラ】")
  ShowMessage("ヴァニラのお店も、なかなか豪華になったのだ。")
  ShowMessage("さて、次の新商品はどうしようか……")
  0()
 Else()
  ShowMessageFace("vgirl_fc1",0,0,2,18)
  ShowMessage("【ヴァニラ】")
  ShowMessage("次の新商品は、手裏剣なのだ！")
  ShowMessage("でも、いったいどこから仕入れればいいのか……")
  ShowMessageFace("ruka_fc1",0,0,2,19)
  ShowMessage("【ルカ】")
  ShowMessage("手裏剣を売ってる店に、直接聞いてみるとか。")
  ShowMessage("確か、イリアスポートの道具屋で売ってたよね。")
  ShowMessageFace("vgirl_fc1",0,0,2,20)
  ShowMessage("【ヴァニラ】")
  ShowMessage("商売上のマルヒ、簡単には教えてくれんかもしれんが……")
  ShowMessage("とりあえず、行ってみるぞ！")
  ChangeSwitch(2065,2065,0)
  0()
 EndIf()
 EndEventProcessing()
 0()
EndIf()
If(1,1005,0,12,0)
 Shop(0,1,0,0,false)
 605(0,11,0,0)
 605(0,13,0,0)
 605(0,14,0,0)
 605(0,15,0,0)
 605(0,16,0,0)
 605(0,17,0,0)
 605(0,23,0,0)
 605(0,35,0,0)
 605(0,51,0,0)
 605(0,55,0,0)
 605(0,59,0,0)
 605(0,101,0,0)
 605(0,441,0,0)
 605(0,445,0,0)
 605(0,446,0,0)
 605(0,447,0,0)
 605(0,448,0,0)
 605(0,449,0,0)
 If(1,1001,0,13,2)
  ShowMessageFace("vgirl_fc1",0,0,2,21)
  ShowMessage("【ヴァニラ】")
  ShowMessage("セントラ大陸の道具屋は、もっと良いものが流通してるぞ。")
  ShowMessage("我の店も、大陸レベルに拡張したいのだ！")
  0()
 Else()
  ShowMessageFace("vgirl_fc1",0,0,2,22)
  ShowMessage("【ヴァニラ】")
  ShowMessage("セントラ大陸の道具屋は、もっと良いものが流通してるぞ。")
  ShowMessage("サン・イリアの品揃えを見て、我はびっくりプルプルだ。")
  ShowMessageFace("vgirl_fc1",0,0,2,23)
  ShowMessage("【ヴァニラ】")
  ShowMessage("ルートを開拓するため、ぜひ話が聞きたいのだぞ！")
  ChangeSwitch(2065,2065,0)
  0()
 EndIf()
 EndEventProcessing()
 0()
EndIf()
If(1,1005,0,13,0)
 Shop(0,1,0,0,false)
 605(0,2,0,0)
 605(0,7,0,0)
 605(0,11,0,0)
 605(0,13,0,0)
 605(0,14,0,0)
 605(0,15,0,0)
 605(0,16,0,0)
 605(0,17,0,0)
 605(0,18,0,0)
 605(0,19,0,0)
 605(0,23,0,0)
 605(0,35,0,0)
 605(0,51,0,0)
 605(0,55,0,0)
 605(0,59,0,0)
 605(0,63,0,0)
 605(0,67,0,0)
 605(0,71,0,0)
 605(0,101,0,0)
 605(0,441,0,0)
 605(0,445,0,0)
 605(0,446,0,0)
 605(0,447,0,0)
 605(0,448,0,0)
 605(0,449,0,0)
 If(0,2122,1)
  ShowMessageFace("vgirl_fc1",0,0,2,24)
  ShowMessage("【ヴァニラ】")
  ShowMessage("大陸水準の品揃えにはなったぞ！")
  ShowMessage("だが我は、まだまだ上をめざすのだ！")
  0()
 Else()
  ShowMessageFace("vgirl_fc1",0,0,2,25)
  ShowMessage("【ヴァニラ】")
  ShowMessage("サバサの道具屋で風魔手裏剣というものを見掛けたのだ。")
  ShowMessage("うちの店でも扱ってみたいのだぞ！")
  ShowMessageFace("vgirl_fc1",0,0,2,26)
  ShowMessage("【ヴァニラ】")
  ShowMessage("サバサの道具屋に行くよりも……")
  ShowMessage("うちの手裏剣仕入れ先に、話しにいくのだ！")
  ShowMessageFace("ruka_fc1",0,0,2,27)
  ShowMessage("【ルカ】")
  ShowMessage("えっと、確か……")
  ShowMessage("イリアス神殿1階で暇そうにしているリョーマさんだったね。")
  ChangeSwitch(2065,2065,0)
  0()
 EndIf()
 EndEventProcessing()
 0()
EndIf()
If(1,1005,0,14,0)
 Shop(0,1,0,0,false)
 605(0,2,0,0)
 605(0,7,0,0)
 605(0,11,0,0)
 605(0,13,0,0)
 605(0,14,0,0)
 605(0,15,0,0)
 605(0,16,0,0)
 605(0,17,0,0)
 605(0,18,0,0)
 605(0,19,0,0)
 605(0,23,0,0)
 605(0,35,0,0)
 605(0,51,0,0)
 605(0,55,0,0)
 605(0,59,0,0)
 605(0,63,0,0)
 605(0,67,0,0)
 605(0,71,0,0)
 605(0,101,0,0)
 605(0,102,0,0)
 605(0,441,0,0)
 605(0,445,0,0)
 605(0,446,0,0)
 605(0,447,0,0)
 605(0,448,0,0)
 605(0,449,0,0)
 If(1,1029,0,1,2)
  ShowMessageFace("vgirl_fc1",0,0,2,28)
  ShowMessage("【ヴァニラ】")
  ShowMessage("大陸水準の品揃えにはなったぞ！")
  ShowMessage("だが我は、まだまだ上をめざすのだ！")
  0()
 Else()
  ShowMessageFace("vgirl_fc1",0,0,2,29)
  ShowMessage("【ヴァニラ】")
  ShowMessage("マギステア村で、闇石を見かけたぞ……")
  ShowMessage("これを機に、聖石と闇石を扱いたいのだ！")
  ShowMessageFace("vgirl_fc1",0,0,2,30)
  ShowMessage("【ヴァニラ】")
  ShowMessage("さっそく、マギステア村に話を聞きに行ってみるのだ！")
  ChangeSwitch(2065,2065,0)
  0()
 EndIf()
 EndEventProcessing()
 0()
EndIf()
If(1,1005,0,15,0)
 Shop(0,1,0,0,false)
 605(0,2,0,0)
 605(0,7,0,0)
 605(0,11,0,0)
 605(0,13,0,0)
 605(0,14,0,0)
 605(0,15,0,0)
 605(0,16,0,0)
 605(0,17,0,0)
 605(0,18,0,0)
 605(0,19,0,0)
 605(0,23,0,0)
 605(0,35,0,0)
 605(0,51,0,0)
 605(0,55,0,0)
 605(0,59,0,0)
 605(0,63,0,0)
 605(0,67,0,0)
 605(0,71,0,0)
 605(0,75,0,0)
 605(0,79,0,0)
 605(0,101,0,0)
 605(0,102,0,0)
 605(0,440,0,0)
 605(0,441,0,0)
 605(0,445,0,0)
 605(0,446,0,0)
 605(0,447,0,0)
 605(0,448,0,0)
 605(0,449,0,0)
 If(1,1001,0,23,2)
  ShowMessageFace("vgirl_fc1",0,0,2,31)
  ShowMessage("【ヴァニラ】")
  ShowMessage("ヴァニラのお店も、かなり大きくなったぞ！")
  ShowMessage("でも、商人の王様はまだまだなのだ！")
  0()
 Else()
  ShowMessageFace("vgirl_fc1",0,0,2,32)
  ShowMessage("【ヴァニラ】")
  ShowMessage("グランドノアのお店で、金の針と魔導書のページを見かけたのだ。")
  ShowMessage("ぜひ、我が店にも仕入れたいぞ！")
  ShowMessageFace("vgirl_fc1",0,0,2,33)
  ShowMessage("【ヴァニラ】")
  ShowMessage("金の針は確か、ピラミッドの入り口にサソリ娘の商人がいたような……")
  ShowMessage("魔導書のページは、本の魔物と交渉してみるぞ！")
  ChangeSwitch(2065,2065,0)
  0()
 EndIf()
 EndEventProcessing()
 0()
EndIf()
If(1,1005,0,16,0)
 Shop(0,1,0,0,false)
 605(0,2,0,0)
 605(0,7,0,0)
 605(0,11,0,0)
 605(0,13,0,0)
 605(0,14,0,0)
 605(0,15,0,0)
 605(0,16,0,0)
 605(0,17,0,0)
 605(0,18,0,0)
 605(0,19,0,0)
 605(0,20,0,0)
 605(0,23,0,0)
 605(0,35,0,0)
 605(0,51,0,0)
 605(0,55,0,0)
 605(0,59,0,0)
 605(0,63,0,0)
 605(0,67,0,0)
 605(0,71,0,0)
 605(0,75,0,0)
 605(0,79,0,0)
 605(0,101,0,0)
 605(0,102,0,0)
 605(0,109,0,0)
 605(0,440,0,0)
 605(0,441,0,0)
 605(0,445,0,0)
 605(0,446,0,0)
 605(0,447,0,0)
 605(0,448,0,0)
 605(0,449,0,0)
 If(1,1061,0,0,0)
  ShowMessageFace("vgirl_fc1",0,0,2,34)
  ShowMessage("【ヴァニラ】")
  ShowMessage("もはや大都市の道具屋にも匹敵する品揃え！")
  ShowMessage("しかし、我が野望はとどまる事を知らんのだ！")
  0()
 Else()
  ShowMessageFace("vgirl_fc1",0,0,2,35)
  ShowMessage("【ヴァニラ】")
  ShowMessage("プランセクト村の商人マーメイドが、上位の魔石を売っていたのだ。")
  ShowMessage("風、土、水の自然三属性の魔石、ぜひ我が店でも扱いたいのだぞ。")
  ShowMessageFace("vgirl_fc1",0,0,2,36)
  ShowMessage("【ヴァニラ】")
  ShowMessage("さっそく、プランセクト村へ商談に行くとしよう！")
  ChangeSwitch(2065,2065,0)
  0()
 EndIf()
 EndEventProcessing()
 0()
EndIf()
If(1,1005,0,17,0)
 Shop(0,1,0,0,false)
 605(0,2,0,0)
 605(0,7,0,0)
 605(0,11,0,0)
 605(0,13,0,0)
 605(0,14,0,0)
 605(0,15,0,0)
 605(0,16,0,0)
 605(0,17,0,0)
 605(0,18,0,0)
 605(0,19,0,0)
 605(0,20,0,0)
 605(0,23,0,0)
 605(0,35,0,0)
 605(0,51,0,0)
 605(0,55,0,0)
 605(0,59,0,0)
 605(0,63,0,0)
 605(0,64,0,0)
 605(0,67,0,0)
 605(0,68,0,0)
 605(0,71,0,0)
 605(0,72,0,0)
 605(0,75,0,0)
 605(0,79,0,0)
 605(0,101,0,0)
 605(0,102,0,0)
 605(0,109,0,0)
 605(0,440,0,0)
 605(0,441,0,0)
 605(0,445,0,0)
 605(0,446,0,0)
 605(0,447,0,0)
 605(0,448,0,0)
 605(0,449,0,0)
 If(1,1001,0,25,2)
  ShowMessageFace("vgirl_fc1",0,0,2,37)
  ShowMessage("【ヴァニラ】")
  ShowMessage("品揃えは超一流！")
  ShowMessage("それに、コウモリの使い魔を雇って行商も始めたのだぞ！")
  0()
 Else()
  ShowMessageFace("vgirl_fc1",0,0,2,38)
  ShowMessage("【ヴァニラ】")
  ShowMessage("さすが、グランゴルドは魔導都市……")
  ShowMessage("道具屋で、炎、氷、雷の上級魔石が売られていたぞ。")
  ShowMessageFace("vgirl_fc1",0,0,2,39)
  ShowMessage("【ヴァニラ】")
  ShowMessage("グランゴルドの道具屋に行き、交渉を開始するのだ！")
  ChangeSwitch(2065,2065,0)
  0()
 EndIf()
 EndEventProcessing()
 0()
EndIf()
If(1,1005,0,18,0)
 Shop(0,1,0,0,false)
 605(0,2,0,0)
 605(0,7,0,0)
 605(0,11,0,0)
 605(0,13,0,0)
 605(0,14,0,0)
 605(0,15,0,0)
 605(0,16,0,0)
 605(0,17,0,0)
 605(0,18,0,0)
 605(0,19,0,0)
 605(0,20,0,0)
 605(0,23,0,0)
 605(0,35,0,0)
 605(0,51,0,0)
 605(0,52,0,0)
 605(0,55,0,0)
 605(0,56,0,0)
 605(0,59,0,0)
 605(0,60,0,0)
 605(0,63,0,0)
 605(0,64,0,0)
 605(0,67,0,0)
 605(0,68,0,0)
 605(0,71,0,0)
 605(0,72,0,0)
 605(0,75,0,0)
 605(0,79,0,0)
 605(0,101,0,0)
 605(0,102,0,0)
 605(0,109,0,0)
 605(0,440,0,0)
 605(0,441,0,0)
 605(0,445,0,0)
 605(0,446,0,0)
 605(0,447,0,0)
 605(0,448,0,0)
 605(0,449,0,0)
 If(1,1065,0,2,2)
  ShowMessageFace("vgirl_fc1",0,0,2,40)
  ShowMessage("【ヴァニラ】")
  ShowMessage("魔導国家の大商店に匹敵する品揃え！")
  ShowMessage("各地に行商も行い、商売は極めて順調なのだぞ！")
  0()
 Else()
  ShowMessageFace("vgirl_fc1",0,0,2,41)
  ShowMessage("【ヴァニラ】")
  ShowMessage("サキュバスの村の道具屋で、脱淫薬を見たのだ。")
  ShowMessage("これはぜひ、我が店に置きたいのだぞ。")
  ShowMessageFace("vgirl_fc1",0,0,2,42)
  ShowMessage("【ヴァニラ】")
  ShowMessage("脱淫薬は間違いなく、サキュバスの村の特産品。")
  ShowMessage("我が店にも仕入れてもらえるよう、交渉に行くのだ！")
  ChangeSwitch(2065,2065,0)
  0()
 EndIf()
 EndEventProcessing()
 0()
EndIf()
If(1,1005,0,19,0)
 Shop(0,1,0,0,false)
 605(0,2,0,0)
 605(0,7,0,0)
 605(0,11,0,0)
 605(0,13,0,0)
 605(0,14,0,0)
 605(0,15,0,0)
 605(0,16,0,0)
 605(0,17,0,0)
 605(0,18,0,0)
 605(0,19,0,0)
 605(0,20,0,0)
 605(0,21,0,0)
 605(0,23,0,0)
 605(0,35,0,0)
 605(0,51,0,0)
 605(0,52,0,0)
 605(0,55,0,0)
 605(0,56,0,0)
 605(0,59,0,0)
 605(0,60,0,0)
 605(0,63,0,0)
 605(0,64,0,0)
 605(0,67,0,0)
 605(0,68,0,0)
 605(0,71,0,0)
 605(0,72,0,0)
 605(0,75,0,0)
 605(0,79,0,0)
 605(0,101,0,0)
 605(0,102,0,0)
 605(0,109,0,0)
 605(0,319,0,0)
 605(0,440,0,0)
 605(0,441,0,0)
 605(0,445,0,0)
 605(0,446,0,0)
 605(0,447,0,0)
 605(0,448,0,0)
 605(0,449,0,0)
 If(1,1081,0,3,2)
  ShowMessageFace("vgirl_fc1",0,0,2,43)
  ShowMessage("【ヴァニラ】")
  ShowMessage("使い魔達の行商も順調なのだ。")
  ShowMessage("我が総合商会「ヴァニラのおみせ」はとどまる事を知らん！")
  0()
 Else()
  ShowMessageFace("vgirl_fc1",0,0,2,44)
  ShowMessage("【ヴァニラ】")
  ShowMessage("エルフの里から出向してきた商人が、聖と闇の上級魔石を扱っていた。")
  ShowMessage("無論、我が店にも仕入れたいぞ。")
  ShowMessageFace("vgirl_fc1",0,0,2,45)
  ShowMessage("【ヴァニラ】")
  ShowMessage("さあ、里の商人がいるヤマタイ村に行くのだ！")
  ShowMessage("我が店にも運んでもらうのだ！")
  ChangeSwitch(2065,2065,0)
  0()
 EndIf()
 EndEventProcessing()
 0()
EndIf()
If(1,1005,0,20,0)
 Shop(0,1,0,0,false)
 605(0,2,0,0)
 605(0,7,0,0)
 605(0,11,0,0)
 605(0,13,0,0)
 605(0,14,0,0)
 605(0,15,0,0)
 605(0,16,0,0)
 605(0,17,0,0)
 605(0,18,0,0)
 605(0,19,0,0)
 605(0,20,0,0)
 605(0,21,0,0)
 605(0,23,0,0)
 605(0,35,0,0)
 605(0,51,0,0)
 605(0,52,0,0)
 605(0,55,0,0)
 605(0,56,0,0)
 605(0,59,0,0)
 605(0,60,0,0)
 605(0,63,0,0)
 605(0,64,0,0)
 605(0,67,0,0)
 605(0,68,0,0)
 605(0,71,0,0)
 605(0,72,0,0)
 605(0,75,0,0)
 605(0,76,0,0)
 605(0,79,0,0)
 605(0,80,0,0)
 605(0,101,0,0)
 605(0,102,0,0)
 605(0,109,0,0)
 605(0,319,0,0)
 605(0,440,0,0)
 605(0,441,0,0)
 605(0,445,0,0)
 605(0,446,0,0)
 605(0,447,0,0)
 605(0,448,0,0)
 605(0,449,0,0)
 If(1,1076,0,3,2)
  ShowMessageFace("vgirl_fc1",0,0,2,46)
  ShowMessage("【ヴァニラ】")
  ShowMessage("ますます大きくなる我が店……")
  ShowMessage("しかし過信は禁物、こういう時に思わぬ落とし穴があるものなのだ。")
  0()
 Else()
  ShowMessageFace("vgirl_fc1",0,0,2,47)
  ShowMessage("【ヴァニラ】")
  ShowMessage("スノウヘブンの道具屋で、我は目を疑ったのだ。")
  ShowMessage("なんと、霊薬が普通に売られていたのだぞ。")
  ShowMessageFace("vgirl_fc1",0,0,2,48)
  ShowMessage("【ヴァニラ】")
  ShowMessage("外の世界では、いっさい流通していない霊薬……")
  ShowMessage("これを我が店に並べれば、商人業界は激震するのだ！")
  ShowMessageFace("vgirl_fc1",0,0,2,49)
  ShowMessage("【ヴァニラ】")
  ShowMessage("さっそく、スノウヘブンに行ってみるのだ！")
  ShowMessage("この交渉に、我が全力を捧げるのだ！")
  ChangeSwitch(2065,2065,0)
  0()
 EndIf()
 EndEventProcessing()
 0()
EndIf()
If(1,1005,0,21,0)
 Shop(0,1,0,0,false)
 605(0,2,0,0)
 605(0,4,0,0)
 605(0,7,0,0)
 605(0,11,0,0)
 605(0,13,0,0)
 605(0,14,0,0)
 605(0,15,0,0)
 605(0,16,0,0)
 605(0,17,0,0)
 605(0,18,0,0)
 605(0,19,0,0)
 605(0,20,0,0)
 605(0,21,0,0)
 605(0,23,0,0)
 605(0,35,0,0)
 605(0,51,0,0)
 605(0,52,0,0)
 605(0,55,0,0)
 605(0,56,0,0)
 605(0,59,0,0)
 605(0,60,0,0)
 605(0,63,0,0)
 605(0,64,0,0)
 605(0,67,0,0)
 605(0,68,0,0)
 605(0,71,0,0)
 605(0,72,0,0)
 605(0,75,0,0)
 605(0,76,0,0)
 605(0,79,0,0)
 605(0,80,0,0)
 605(0,101,0,0)
 605(0,102,0,0)
 605(0,109,0,0)
 605(0,319,0,0)
 605(0,440,0,0)
 605(0,441,0,0)
 605(0,445,0,0)
 605(0,446,0,0)
 605(0,447,0,0)
 605(0,448,0,0)
 605(0,449,0,0)
 If(2,"A",1)
  ChangeSelfSwitch("A",0)
  355("gain_medal(1504)")
  ShowMessageFace("vgirl_fc1",0,0,2,50)
  ShowMessage("【ヴァニラ】")
  ShowMessage("我が店からは、結構な稼ぎが上がっている。")
  ShowMessage("そろそろ、そのお金をパーティに還元したいのだが……")
  ShowMessageFace("ruka_fc1",0,0,2,51)
  ShowMessage("【ルカ】")
  ShowMessage("お金は受け取れないよ。")
  ShowMessage("ヴァニラが、自分の才覚と努力で稼いだお金なんだから。")
  ShowMessageFace("vgirl_fc1",0,0,2,52)
  ShowMessage("【ヴァニラ】")
  ShowMessage("でも、みんなの助けでここまでのお店になったのだ。")
  ShowMessage("ちょっとでも恩返しをしないと……")
  If(0,4,0)
   ShowMessageFace("alice_fc5",1,0,2,53)
   ShowMessage("【アリス】")
   ShowMessage("恩を返すというなら、世界一の商人になってみせろ。")
   ShowMessage("まだまだ、先は長いぞ……？")
   0()
  EndIf()
  If(0,5,0)
   ShowMessageFace("iriasu_fc4",0,0,2,54)
   ShowMessage("【イリアス】")
   ShowMessage("恩を返すというなら、世界一の商人になるのです。")
   ShowMessage("まだまだ、頂点は遠いですよ……")
   0()
  EndIf()
  ShowMessageFace("vgirl_fc1",0,0,2,55)
  ShowMessage("【ヴァニラ】")
  ShowMessage("分かったのだ！")
  ShowMessage("「ヴァニラのおみせ」を、多国籍企業に育て上げてみせるのだ！")
  0()
 Else()
  ShowMessageFace("vgirl_fc1",0,0,2,56)
  ShowMessage("【ヴァニラ】")
  ShowMessage("「ヴァニラのおみせ」を、多国籍企業に育て上げてみせるのだ！")
  ShowMessage("助けてくれたみんなのためにも、がんばるぞ！")
  0()
 EndIf()
 EndEventProcessing()
 0()
EndIf()
0()
